1000
12610460
29561720
182490646
49492184
167434898
35699007
128375649
74741260
134864356
171398145
53408335
60269030
94425214
138487121
23840282
96708777
49183984
74656100
150528798
119838267
2061623
175117642
75561113
1792661
141567410
167836013
19725053
131272525
66421935
99519348
59689876
15697996
82457587
162833906
31652032
172158928
123907188
85873582
39626300
85205751
157106219
188609475
199683272
126361216
189728317
98140827
90777739
199214212
162155189
180436486
54286576
178483915
21013357
172566153
32529549
21320615
56393787
145679192
168698369
75595584
85812903
10337721
185932311
157995574
118673354
17587950
55624198
15158270
76843933
79188763
52043981
49562788
8342825
136093857
143788394
82728186
119915355
182342445
107656276
153107168
198315999
196871262
178850157
108502505
106944590
54934804
198739792
191666687
41891547
19796062
89950443
142647761
11271613
99196076
90285908
143976230
43453306
109993976
16346211
163091484
111583819
160815292
184676558
120482631
56077350
77561823
115173618
131397220
196770721
40842189
98215143
115571195
135783634
137093263
79608793
31412194
36226972
117264866
48919967
193379750
180379801
86576676
81912451
11271878
189818263
26410260
189974269
113772082
64460733
40962334
179842458
193025303
159854967
53809388
180046559
39792336
44645921
15014641
175446548
136510937
137564594
117238256
16022673
10728088
67645676
31170444
62298088
28490248
34595459
173588508
84954657
126187809
52355987
53765527
1439872
189818468
143243198
80707769
112467223
177307555
39810150
179508815
15214885
146349358
73612836
89591855
46322100
109269336
92411655
94585548
189839438
156904007
167399926
117671900
171576057
173668829
158415506
157877301
91244909
114136432
150142157
43887791
197813781
48195138
31946563
157504477
3921682
80849080
72674685
109921000
112788141
12739968
72342277
72481165
120340565
131992347
85489687
167576517
176499476
18806626
145496495
100601843
117516068
160613972
125602207
198080356
64666179
155299177
119533122
109976808
61227371
173014347
130090799
82544351
123208876
118730714
30766054
81268866
25407623
115636582
23118100
4708833
167800009
49992615
93719482
73605691
148129657
142520
118172038
121500881
83753806
24163312
48181907
197673474
156969775
172728908
38575364
108902336
83498019
45225474
110804662
122325097
7794818
76554891
112010277
33737413
124857699
139304853
92498212
140439519
2990741
133719849
64394570
168594000
161229221
34037634
24029747
143534755
16492060
153960117
33840553
155521412
101818942
184184419
185869947
117756978
188795385
70059043
29688318
99543823
24743737
50345006
172771080
33928040
192419441
48827317
141935753
150879714
141060927
174428298
94573320
33320952
67090480
81465293
177797214
7160080
107526550
191711655
34973522
37571456
58123845
130809560
155617731
127801058
167159331
43251232
20856786
49295901
113563068
122835078
76086079
52297518
66482394
284667
164292322
134816411
79142720
135341838
179268344
36319922
88490452
99803726
112794737
194229560
61816262
138439221
59883885
121377557
48640737
166950321
155997398
79005005
19792898
106930330
124403321
77430212
108385632
115782241
106008477
154773429
21281462
52198063
16159496
195452581
44555200
52783631
161316559
91686865
85211808
9389262
86508040
46927605
6656536
16381195
32813049
32321363
180548101
87291010
178481731
1687958
183411883
166153732
59301363
55861481
28977221
139988852
133384708
160009060
67148600
38864543
121002110
175308024
85449214
100269743
172246795
155168023
33960428
39263981
115357148
149945707
3334519
148362655
96885789
122831198
64872720
13276450
193722460
72630920
76993255
188612574
115205425
47529796
118049579
134995396
138788589
43237088
6858377
130373029
158305199
65276057
196655805
8233024
123266871
173260334
101462561
175350168
24123243
102547249
125763314
123430913
56787611
124690648
87421900
94642216
92183791
55943372
12789750
171045535
134683536
188647219
113017665
85779325
68687584
40619008
11224201
138771024
166327461
161447544
86301645
121937727
117850081
181382
22883870
192564898
48557064
53014140
121353948
121988318
194694514
40316623
130688537
149798206
71245209
88417270
52207731
166354569
75316751
168276836
44470711
133781945
155302256
187914163
75174666
11437625
47506045
66704496
126967087
90339073
55836271
56648792
87253338
2016951
142474093
24681777
160393826
87962177
81287623
104652708
179980083
27498720
154961451
39072486
169906261
133614826
101478203
53478130
190336865
151163075
189630792
25713048
139286865
27796854
41114922
111816988
69272649
12560859
5445136
110643622
194523134
24549572
89394890
43166252
150361041
22792959
4730170
115159532
15666158
159304239
121053381
57083747
37008902
161090107
127380251
32629325
189956884
112183714
137045456
118726645
145493387
87785262
158582934
62752400
5700344
175422119
1952162
179226138
45752326
179256240
86416773
20105821
57274770
198164729
113540014
111809420
39719605
24714565
128783443
64939330
61379833
72984552
76145708
94222952
14645445
10140426
37052813
43380304
72378425
148884853
179798167
116709433
15716320
44795571
21368812
146193127
4150301
28669918
164471483
185901915
146180371
143536246
124181981
199020701
173860666
153530266
190252440
135781997
162274547
154468019
128509937
157644962
195307423
108607153
20377853
54515308
44187172
151639721
135036197
94108287
65151786
1883231
4707277
63080294
16400919
145189364
134687131
29182324
75103487
18114468
113268122
9043609
41796129
34343128
157383893
136918755
149400212
195915051
176883322
186441525
129833408
161704835
93451100
156681107
37285191
140201889
109511112
188561274
153112035
38932199
169947284
156274878
109105885
135255374
190357602
190735097
40213658
77785222
132404371
156871629
71720747
27436195
28202318
28950919
188945223
44053679
180930310
164600345
101517804
145702920
151326698
145975038
33207558
88847880
24197356
179565442
99272931
147907479
61541397
149863808
169060282
11915632
123772770
154849932
29160431
28534425
144986704
45898035
129010171
166294120
187257899
79461083
72148226
185907865
84800335
81479673
169010761
94870964
38925649
15283463
102645774
164016306
24144427
153275349
149813100
118571814
139335152
141876121
125576979
171162479
132550889
125129381
148998682
76693129
25508259
157062564
63765236
31186620
115453436
152530916
121303853
95122137
128938525
83099302
158049158
72211959
176886860
89405704
159980713
129087722
125760553
16597670
5810586
196459911
42799184
147563101
179090576
171750339
89213322
138247712
58368560
107940027
171070616
85318830
103674866
138106086
77964118
180433138
6841170
198871449
139777049
147717672
175934316
186897120
186414740
48615023
180155967
192121196
64292138
131719891
78550777
64550757
64813553
159916324
118288709
167827856
97639830
124534417
6558597
44806972
91790981
97240085
44309795
137530267
194479688
63854612
178242728
68755972
193965866
59924883
195097409
91801900
87481801
114633570
133236074
65628729
133787576
178330678
75114528
150755366
34448758
165940311
158155531
156238760
125649982
102021260
37858782
137075554
63445695
116302672
33780939
2512786
39029062
127123974
161770492
183558655
148880970
61359472
30215980
9779294
109959292
176494031
5291904
29529835
67765536
116581446
1792609
134030394
11370019
62700426
69827915
119200607
155203734
146094409
91614712
28008605
7727259
44716866
21103892
116623156
61810642
37122081
50079041
159665938
35377236
141585980
184912634
188838084
24584824
166836837
155255446
54220333
112115248
68408600
97690757
43773187
147138905
77236369
99323904
68874655
116429220
159240929
180398274
10471166
131110065
105363390
154968755
198056715
23636169
54180243
90650468
13094754
102243914
144279301
116284256
196458908
3708698
1138313
156042299
20073815
3191652
135191476
193780861
92128046
16495829
177366597
142325099
129628293
147238486
148885312
137304293
55982955
19521301
84871106
170407024
83498321
163262493
16528253
45841173
190307860
62036595
144024954
20643078
45819958
12034798
149290023
5330787
85889585
50421457
141803942
48952158
66227525
10380540
27070026
103485991
164084650
134846221
169225457
24511087
178563186
23951698
53439443
25409149
11786105
162867634
105278238
186084400
127969820
83697039
182408498
178925293
19342016
80506781
15061030
120361559
182452523
66743213
118184724
112235079
17086283
185348536
37251897
29217330
126243525
184193518
3294437
6791986
68874756
131931824
11164117
54916469
93311817
59533929
27181200
113446736
63918850
81105276
510602
129550235
111544416
189742871
23496234
148529892
199311430
179970339
55754004
95189742
192046448
174716768
171402639
112137651
162154618
151615038
192755467
136992575
78975864
176025864
64396288
5663071
115634492
22738977
67009306
65291669
26709572
98224507
187678924
199539376
437015
11533385
13938094
151641986
57707315
135607127
98660604
172170505
52726161
124371635
86955215
159436829
25462542
198191462
63187237
169634677
98971494
48179194
7427242
89572740
145552890
191075830
163777379
107223792
137179308
64794080
57186997
156175854
50420614
149756608
70147292
122569161
114242938
9712243
129839374
80615335
76511377
51282353
6306713
186985139
139580808
161813920
173572559
166847028
54521442
187210289
127258472
81032324
53751974
91151197
147768140
103799892
30275116
62982290
122469850
93684056
60625513
86404978
183347065
192848206
50119723
44080089
34593874
76421704
65035342
72257676
37288766
65059928
70237512
26395345
32127196
158202680
143021027
15627918
92902030
131320083
188400149
83134423
198803657
90144601
10533712
168683498
140849233
122448373
263729522
